Funtion
18827, 19070,19200,18834,18836, 19401,19071,19201,18835,18837, 500,901,19041, 4, 503, 4, 513, 4, 19040, 4,901,19041, 4, 503, 4, 513, 4, 19040, 4,901,19041, 4, 503, 4, 513, 4, 19040, 4,901,19041, 4, 503, 4, 513, 4, 19040, 4,901,19041, 4, 503, 4, 513, 4, 19040, 4,901,19041, 4, 503, 4, 513, 4, 19040, 4,901,19051,19061, 4, 502, 501, 4, 512, 511, 4, 19050, 19060, 4,901,19051,19061, 4, 502, 501, 4, 512, 511, 4, 19050, 19060, 4,901,19051,19061, 4, 502, 501, 4, 512, 511, 4, 19050, 19060, 4,901,19051,19061, 4, 502, 501, 4, 512, 511, 4, 19050, 19060, 4,901,19051,19061, 4, 502, 501, 4, 512, 511, 4, 19050, 19060, 4,901,19051,19061, 4, 502, 501, 4, 512, 511, 4, 19050, 19060, 4,901,4,19070,19200,18834,18836,19401,19071,19201,18835,18837,1030
X1
189200, 268270,347340,347340,268270, 189200,  50750,56150,140610,140610,56150,50750
X2
335000,335000,335000,335000,335000,335000,12490,86160,91560,91560,86160,12490
Y
105960,105960,105960,110660,110660,110660,105960,105960,105960,110660,110660,110660
Rotation
180000,180000
Offset X1
-137330
Offset X2
0
Offset Y
17690
SpeedX1
1000,1000,1000,1000,1000,1000,2000,2000,2000,2000,2000,2000,2000,2000,2000,2000,2000,2000,2000,2000,2000,2000,2000,2000
SpeedX2
2000,2000,2000,2000,2000,2000,2000,2000,2000,2000,2000,2000,2000,2000,2000,2000,2000,2000,2000,2000,2000,2000,2000,2000
SpeedY
200,200,200,200,200,200,200,200,200,200,200,200,200,200,200,200,200,200,200,200,200,200,200,200,200,200,200,200,200,200,200
SpeedR
500,500,1000,1000,1000,1000,1000,1000,1000,1000,1000,1000,1000,1000,1000,1000,1000,1000