Funtion
500, 4, 506,901, 19041, 4, 516, 503, 515, 19040, 19061, 4, 518, 504, 517, 19060,531,901, 19041, 4, 516, 503, 515, 19040,531,901, 19041, 4, 516, 503, 515, 19040,531,901, 19041, 4, 516, 503, 515, 19040,531,901, 19041, 4, 516, 503, 515, 19040,531,901, 19041, 4, 516, 503, 515, 19040, 19061, 4, 518, 504, 517, 19060,531,901, 19061, 4, 512, 501, 511, 19060, 19051, 4, 514, 502, 513, 19050,531,901, 19061, 4, 512, 501, 511, 19060, 19051, 4, 514, 502, 513, 19050,531,901, 19061, 4, 512, 501, 511, 19060, 19051, 4, 514, 502, 513, 19050,531,901, 19061, 4, 518, 504, 517, 19060, 19051, 4, 520, 505, 519, 19050,531,901, 19061, 4, 512, 501, 511, 19060, 19051, 4, 514, 502, 513, 19050,531,901, 19061, 4, 512, 501, 511, 19060, 19051, 4, 514, 502, 513, 19050,531,901, 19061, 4, 512, 501, 511, 19060, 19051, 4, 514, 502, 513, 19050,531, 901, 19061, 4, 518, 504, 517, 19060, 19051, 4, 520, 505, 519, 19050,531,901, 506, 4, 1030
X1
182710,263280,342350,342350,263280,182710,133380,54220,49560,99290,49510,54210,133280,99290,182710
X2
131850,335000,335000,335000,335000,131850,87060,82350,8090,131690,7900,82270,86970,131690,131850
Y
124950,96750,96750,157090,157090,157090,181630,181630,181630,157090,121230,121230,121230,96750,96750
Rotation
180000,180000,180000,180000,180000,180000,180000,180000,180000,180000,180000,180000,180000,180000,180000,180000,180000
Offset X1
-137330
Offset X2
0
Offset Y
17690
SpeedX1
1500,1500,1500,1500,1500,1500,1000,1000,1000,1000,1000,1000,1000,1000,1000
SpeedX2
1800,1500,1500,1500,1500,1500,1000,1000,1000,1000,1000,1000,1000,1000,1000
SpeedY
1000,1000,1000,1000,1000,1000,800,800,800,800,800,800,800,800,800,800,800,800,800,800,800,800,800,800,800,800,800,800,800,800,800,800,800,800,800,800,800,800,800,800,800,800,800,800,800,800,800,800,800,800,800,800,800
SpeedR
500,500,1000,1000,1000,1000,1000,1000,1000,1000,1000,1000,1000,1000,1000,1000,1000,1000
