Funtion
18827,500,      901,19041, 4, 503, 4, 513, 4, 19040, 4,    901,19041, 4, 503, 4, 513, 4, 19040, 4,      901,19041, 4, 503, 4, 513, 4, 19040, 4,        901,19041, 4, 503, 4, 513, 4, 19040, 4,              901,19041, 4, 503, 4, 513, 4, 19040, 4,                 901,19041, 4, 503, 4, 513, 4, 19040, 4,                        901,19051, 4, 502, 4,505, 512, 4, 19050, 4, 19061, 4,505, 501, 4, 511,4,19060, 4,                           901,19051, 4,505, 502, 4, 512, 4, 19050, 4, 19061, 4,505, 501, 4, 511,4,19060, 4,                              901,19051, 4,505, 502, 4, 512, 4, 19050, 4, 19061, 4,505, 501, 4, 511,4,19060, 4,                              901,19051, 4,505, 502, 4, 512, 4, 19050, 4, 19061, 4,505, 501, 4, 511,4,19060, 4,                                    901,19051, 4,505, 502, 4, 512, 4, 19050, 4, 19061, 4,505, 501, 4, 511,4,19060, 4,                          901,19051, 4,505, 502, 4, 512, 4, 19050, 4, 19061, 4,505, 501, 4, 511,4,19060, 4,          901,4,504,4,1030
X1
189200,268270,347340,347340,268270,189200,51610,56310,135280,135380,56320,51660,189200
X2
335000,335000,335000,335000,335000,335000,7900,82270,86970,86960,82250,7890,335000
Y
105960,105960,105960,166160,166160,166160,125270,125270,125270,185470,185470,185470
Rotation
180000,180000,180000,180000,180000,180000,180000,180000,180000,180000,180000,180000,180000,180000,180000,180000,180000
Offset X1
-137330
Offset X2
0
Offset Y
17690
SpeedX1
500,500,500,500,500,500,1000,1000,1000,1000,1000,1000,1000,1000,1000,2000,2000,2000,2000,2000,2000,2000,2000,2000
SpeedX2
1000,1000,1000,1000,1000,1000,1000,1000,1000,1000,1000,1000,1000,1000,2000,2000,2000,2000,2000,2000,2000,2000,2000,2000
SpeedY
2000,2000,2000,2000,2000,2000,2000,2000,2000,2000,2000,2000,2000,2000,2000,2000,2000,2000,2000,2000,2000,2000,2000,2000,2000,2000,2000,2000,2000,2000,2000
SpeedR
500,500,1000,1000,1000,1000,1000,1000,1000,1000,1000,1000,1000,1000,1000,1000,1000,1000
