Funtion
18827,500,901,19041, 4, 503, 4, 513, 4, 19040, 4,901,19041, 4, 503, 4, 513, 4, 19040, 4,901,19041, 4, 503, 4, 513, 4, 19040, 4,901,19041, 4, 503, 4, 513, 4, 19040, 4,901,19041, 4, 503, 4, 513, 4, 19040, 4,901,19041, 4, 503, 4, 513, 4, 19040, 4,901,19051,19061, 4, 502, 501, 4, 512, 511, 4, 19050, 19060, 4,901,19051,19061, 4, 502, 501, 4, 512, 511, 4, 19050, 19060, 4,901,19051,19061, 4, 502, 501, 4, 512, 511, 4, 19050, 19060, 4,901,19051,19061, 4, 502, 501, 4, 512, 511, 4, 19050, 19060, 4,901,19051,19061, 4, 502, 501, 4, 512, 511, 4, 19050, 19060, 4,901,19051,19061, 4, 502, 501, 4, 512, 511, 4, 19050, 19060, 4,901,4,1030
X1
189200, 268270,347340,347340,268270, 189200,  50750,56150,140610,140610,56150,50750,189200
X2
335000,335000,335000,335000,335000,335000,8320,81990,87390,87390,81990,8320,335000
Y
105960,105960,105960,166160,166160,166160,125270,125270,125270,185470,185470,185470
Rotation
180000,180000
Offset X1
-137330
Offset X2
0
Offset Y
17690
SpeedX1
1000,1000,1000,1000,1000,1000,2000,2000,2000,2000,2000,2000,2000,2000,2000,2000,2000,2000,2000,2000,2000,2000,2000,2000
SpeedX2
2000,2000,2000,2000,2000,2000,2000,2000,2000,2000,2000,2000,2000,2000,2000,2000,2000,2000,2000,2000,2000,2000,2000,2000
SpeedY
2000,2000,2000,2000,2000,2000,2000,2000,2000,2000,2000,2000,2000,2000,2000,2000,2000,2000,2000,2000,2000,2000,2000,2000,2000,2000,2000,2000,2000,2000,2000
SpeedR
500,500,1000,1000,1000,1000,1000,1000,1000,1000,1000,1000,1000,1000,1000,1000,1000,1000